 % Sample   Time     Commanded Pos   Encoder 1 Pos   Encoder 2 Pos 

data = [    0    0.000            4000               0               0;
     1    0.009            4000              18               0;
     2    0.018            4000              80               3;
     3    0.027            4000             170              18;
     4    0.035            4000             276              45;
     5    0.044            4000             402              84;
     6    0.053            4000             557             128;
     7    0.062            4000             747             175;
     8    0.071            4000             961             226;
     9    0.080            4000            1189             285;
    10    0.089            4000            1428             348;
    11    0.097            4000            1678             414;
    12    0.106            4000            1937             481;
    13    0.115            4000            2202             548;
    14    0.124            4000            2468             616;
    15    0.133            4000            2733             684;
    16    0.142            4000            2994             750;
    17    0.151            4000            3250             815;
    18    0.159            4000            3495             879;
    19    0.168            4000            3728             940;
    20    0.177            4000            3951             996;
    21    0.186            4000            4162            1048;
    22    0.195            4000            4360            1096;
    23    0.204            4000            4538            1141;
    24    0.213            4000            4696            1183;
    25    0.221            4000            4835            1219;
    26    0.230            4000            4957            1251;
    27    0.239            4000            5060            1276;
    28    0.248            4000            5143            1296;
    29    0.257            4000            5204            1311;
    30    0.266            4000            5247            1322;
    31    0.274            4000            5270            1327;
    32    0.283            4000            5277            1328;
    33    0.292            4000            5267            1327;
    34    0.301            4000            5241            1320;
    35    0.310            4000            5201            1310;
    36    0.319            4000            5149            1296;
    37    0.328            4000            5086            1280;
    38    0.336            4000            5015            1262;
    39    0.345            4000            4936            1241;
    40    0.354            4000            4851            1220;
    41    0.363            4000            4761            1197;
    42    0.372            4000            4669            1173;
    43    0.381            4000            4575            1149;
    44    0.390            4000            4480            1125;
    45    0.398            4000            4386            1100;
    46    0.407            4000            4293            1077;
    47    0.416            4000            4202            1053;
    48    0.425            4000            4115            1031;
    49    0.434            4000            4031            1009;
    50    0.443            4000            3953             989;
    51    0.452            4000            3879             971;
    52    0.460            4000            3812             953;
    53    0.469            4000            3750             938;
    54    0.478            4000            3696             924;
    55    0.487            4000            3649             912;
    56    0.496            4000            3609             902;
    57    0.505            4000            3576             894;
    58    0.514            4000            3550             887;
    59    0.522            4000            3531             882;
    60    0.531            4000            3519             879;
    61    0.540            4000            3513             878;
    62    0.549            4000            3511             877;
    63    0.558            4000            3516             877;
    64    0.567            4000            3527             880;
    65    0.576            4000            3542             884;
    66    0.584            4000            3561             889;
    67    0.593            4000            3583             895;
    68    0.602            4000            3608             901;
    69    0.611            4000            3636             908;
    70    0.620            4000            3665             915;
    71    0.629            4000            3695             923;
    72    0.638            4000            3726             931;
    73    0.646            4000            3758             939;
    74    0.655            4000            3789             947;
    75    0.664            4000            3820             955;
    76    0.673            4000            3850             963;
    77    0.682            4000            3879             970;
    78    0.691            4000            3907             977;
    79    0.699            4000            3934             984;
    80    0.708            4000            3958             990;
    81    0.717            4000            3981             996;
    82    0.726            4000            4002            1001;
    83    0.735            4000            4021            1006;
    84    0.744            4000            4038            1010;
    85    0.753            4000            4052            1014;
    86    0.761            4000            4064            1017;
    87    0.770            4000            4074            1019;
    88    0.779            4000            4082            1021;
    89    0.788            4000            4087            1023;
    90    0.797            4000            4091            1024;
    91    0.806            4000            4092            1024;
    92    0.815            4000            4092            1024;
    93    0.823            4000            4091            1024;
    94    0.832            4000            4087            1024;
    95    0.841            4000            4082            1023;
    96    0.850            4000            4076            1021;
    97    0.859            4000            4069            1020;
    98    0.868            4000            4061            1017;
    99    0.877            4000            4053            1015;
   100    0.885            4000            4044            1013;
   101    0.894            4000            4036            1011;
   102    0.903            4000            4027            1009;
   103    0.912            4000            4018            1006;
   104    0.921            4000            4009            1004;
   105    0.930            4000            4000            1002;
   106    0.939            4000            3992            1000;
   107    0.947            4000            3984             998;
   108    0.956            4000            3976             996;
   109    0.965            4000            3969             994;
   110    0.974            4000            3963             992;
   111    0.983            4000            3957             991;
   112    0.992            4000            3951             989;
   113    1.001            4000            3947             988;
   114    1.009            4000            3943             987;
   115    1.018            4000            3940             987;
   116    1.027            4000            3937             986;
   117    1.036            4000            3935             985;
   118    1.045            4000            3934             985;
   119    1.054            4000            3934             985;
