% Sample   Time     Commanded Pos   Encoder 1 Pos   Encoder 2 Pos   Control Effort

data = [    0    0.000               0               0               0          0.0000;
     1    0.022               0               0               0          0.0000;
     2    0.044               0               0               0          0.0000;
     3    0.066               0               0               0          0.0000;
     4    0.089               0               0               0          0.0000;
     5    0.111               0               0               0          0.0000;
     6    0.133               0               0               0          0.0000;
     7    0.155               0               0               0          0.0000;
     8    0.177               0               0               0          0.0000;
     9    0.199               0               0               0          0.0000;
    10    0.221               0               0               0          0.0000;
    11    0.243               0               0               0          0.0000;
    12    0.266               0               0               0          0.0000;
    13    0.288               0               0               0          0.0000;
    14    0.310               0               0               0          0.0000;
    15    0.332               0               0               0          0.0000;
    16    0.354               0               0               0          0.0000;
    17    0.376               0               0               0          0.0000;
    18    0.398               0               0               0          0.0000;
    19    0.421               0               0               0          0.0000;
    20    0.443               0               0               0          0.0000;
    21    0.465               0               0               0          0.0000;
    22    0.487               0               0               0          0.0000;
    23    0.509               0               0               0          0.0000;
    24    0.531               0               0               0          0.0000;
    25    0.553               0               0               0          0.0006;
    26    0.576               0               0               0          0.0006;
    27    0.598               0               0               0          0.0006;
    28    0.620               0               0               0          0.0012;
    29    0.642               0               0               0          0.0012;
    30    0.664               0               0               0          0.0018;
    31    0.686               0               0               0          0.0024;
    32    0.708               0               0               0          0.0031;
    33    0.730               0               0               0          0.0037;
    34    0.753               0               0               0          0.0043;
    35    0.775               1               0               0          0.0049;
    36    0.797               1               0               0          0.0061;
    37    0.819               1               0               0          0.0073;
    38    0.841               1               0               0          0.0085;
    39    0.863               1               0               0          0.0098;
    40    0.885               1               0               0          0.0110;
    41    0.908               1               0               0          0.0128;
    42    0.930               2               0               0          0.0153;
    43    0.952               2               0               0          0.0171;
    44    0.974               2               0               0          0.0195;
    45    0.996               2               0               0          0.0226;
    46    1.018               3               0               0          0.0256;
    47    1.040               3               0               0          0.0293;
    48    1.063               3               0               0          0.0330;
    49    1.085               4               0               0          0.0372;
    50    1.107               4               0               0          0.0421;
    51    1.129               5               0               0          0.0470;
    52    1.151               6               0               0          0.0531;
    53    1.173               6               0               0          0.0592;
    54    1.195               7               1               0          0.0659;
    55    1.217               8               1               0          0.0739;
    56    1.240               9               3               0          0.0818;
    57    1.262               9               5               0          0.0910;
    58    1.284              11               7               0          0.1007;
    59    1.306              12              10               2          0.1117;
    60    1.328              13              14               2          0.1227;
    61    1.350              14              21               4          0.1355;
    62    1.372              16              29               6          0.1490;
    63    1.395              17              39               8          0.1642;
    64    1.417              19              52              12          0.1801;
    65    1.439              20              68              16          0.1966;
    66    1.461              22              87              20          0.2149;
    67    1.483              24             110              26          0.2332;
    68    1.505              26             138              33          0.2527;
    69    1.527              28             169              41          0.2729;
    70    1.549              30             205              50          0.2937;
    71    1.572              33             246              60          0.3144;
    72    1.594              35             295              72          0.3352;
    73    1.616              37             350              86          0.3559;
    74    1.638              39             414             102          0.3761;
    75    1.660              41             490             121          0.3962;
    76    1.682              43             577             143          0.4151;
    77    1.704              45             677             167          0.4328;
    78    1.727              46             793             196          0.4493;
    79    1.749              48             928             227          0.4640;
    80    1.771              49            1075             264          0.4762;
    81    1.793              50            1241             305          0.4866;
    82    1.815              51            1422             350          0.4945;
    83    1.837              51            1615             399          0.4988;
    84    1.859              51            1822             452          0.5000;
    85    1.882              51            2047             507          0.4969;
    86    1.904              50            2289             567          0.4896;
    87    1.926              49            2549             631          0.4768;
    88    1.948              47            2821             699          0.4591;
    89    1.970              44            3103             771          0.4359;
    90    1.992              41            3398             846          0.4054;
    91    2.014              37            3710             922          0.3694;
    92    2.036              33            4031            1001          0.3266;
    93    2.059              28            4352            1084          0.2790;
    94    2.081              22            4676            1167          0.2271;
    95    2.103              17            5004            1249          0.1709;
